1.00000000	0.00227005
0.99921735	0.00248651
0.99829658	0.00274121
0.99723788	0.00303408
0.99604078	0.00336523
0.99470377	0.00373508
0.99322346	0.00414451
0.99159292	0.00459533
0.98979780	0.00509135
0.98782728	0.00563546
0.98568506	0.00622681
0.98337453	0.00686475
0.98089694	0.00754938
0.97825013	0.00828203
0.97542580	0.00906625
0.97240415	0.00990982
0.96917262	0.01081632
0.96574298	0.01177718
0.96212331	0.01278222
0.95831555	0.01381867
0.95431376	0.01486819
0.95009941	0.01590118
0.94563595	0.01687122
0.94091869	0.01777127
0.93596738	0.01862457
0.93079520	0.01944995
0.92540877	0.02026311
0.91980771	0.02107807
0.91398263	0.02190848
0.90791075	0.02276925
0.90154908	0.02367842
0.89488514	0.02464284
0.88795409	0.02565431
0.88077985	0.02670665
0.87337443	0.02779595
0.86573836	0.02892018
0.85785824	0.03007926
0.84970025	0.03127571
0.84121741	0.03251379
0.83243856	0.03379005
0.82340486	0.03509994
0.81413863	0.03644105
0.80464667	0.03781282
0.79491933	0.03921668
0.78492399	0.04065697
0.77461878	0.04213920
0.76404247	0.04365890
0.75323731	0.04521147
0.74222529	0.04679538
0.73101215	0.04841194
0.71958588	0.05006602
0.70791102	0.05176757
0.69598696	0.05351459
0.68386060	0.05528817
0.67156139	0.05706928
0.65910435	0.05883571
0.64649191	0.06055676
0.63371127	0.06218427
0.62075158	0.06368134
0.60764257	0.06508784
0.59441069	0.06644022
0.58107485	0.06776347
0.56764927	0.06907628
0.55414496	0.07039447
0.54057036	0.07173372
0.52693327	0.07310106
0.51324473	0.07447637
0.49951700	0.07583345
0.48576393	0.07714048
0.47200248	0.07835475
0.45825488	0.07941451
0.44455268	0.08022453
0.43092512	0.08070223
0.41735958	0.08093392
0.40384783	0.08100157
0.39039466	0.08095347
0.37701658	0.08081585
0.36374397	0.08059767
0.35062745	0.08029062
0.33771825	0.07987944
0.32498181	0.07938320
0.31238737	0.07881480
0.29992845	0.07817159
0.28761821	0.07743656
0.27549047	0.07657564
0.26360668	0.07552991
0.25203953	0.07423258
0.24074251	0.07274344
0.22966058	0.07113798
0.21877413	0.06946378
0.20809012	0.06775226
0.19764117	0.06602502
0.18749191	0.06429742
0.17772713	0.06258008
0.16829677	0.06087685
0.15912716	0.05918955
0.15018798	0.05752049
0.14147973	0.05587265
0.13303083	0.05425004
0.12490254	0.05265837
0.11718099	0.05110445
0.10981847	0.04958405
0.10273147	0.04808898
0.09588266	0.04661321
0.08926646	0.04515144
0.08290419	0.04369803
0.07684681	0.04224594
0.07117263	0.04078652
0.06584719	0.03932439
0.06078464	0.03787086
0.05594380	0.03643365
0.05131360	0.03501858
0.04690671	0.03363068
0.04275980	0.03227498
0.03893532	0.03095699
0.03541874	0.02967576
0.03212985	0.02842446
0.02902745	0.02719749
0.02609748	0.02598962
0.02334566	0.02479502
0.02079597	0.02360633
0.01849219	0.02241373
0.01642910	0.02121842
0.01454100	0.02003483
0.01279248	0.01887223
0.01117001	0.01773631
0.00967480	0.01663076
0.00832038	0.01555808
0.00713287	0.01452003
0.00610949	0.01351815
0.00520277	0.01255435
0.00438637	0.01163077
0.00364946	0.01074992
0.00299071	0.00991470
0.00241571	0.00912869
0.00193622	0.00839630
0.00155003	0.00771477
0.00122755	0.00706719
0.00095206	0.00643854
0.00071642	0.00581556
0.00051850	0.00518547
0.00035914	0.00453533
0.00024098	0.00385186
0.00016082	0.00314334
0.00010391	0.00245745
0.00006234	0.00182292
0.00003264	0.00125441
0.00001313	0.00075950
0.00000267	0.00034138
0.00000000	0.00000000
0.00000422	-0.00032585
0.00001671	-0.00069373
0.00003892	-0.00110176
0.00007208	-0.00155031
0.00011771	-0.00204218
0.00017844	-0.00258332
0.00025982	-0.00318466
0.00037403	-0.00386670
0.00053344	-0.00464797
0.00073526	-0.00552135
0.00097689	-0.00647645
0.00125896	-0.00750181
0.00158737	-0.00858307
0.00197768	-0.00969922
0.00246006	-0.01081912
0.00303973	-0.01193663
0.00370501	-0.01306224
0.00444983	-0.01420330
0.00527451	-0.01536413
0.00618784	-0.01654576
0.00721198	-0.01774481
0.00839141	-0.01895099
0.00974604	-0.02015929
0.01124779	-0.02137637
0.01287963	-0.02260517
0.01463803	-0.02384403
0.01653469	-0.02508566
0.01860364	-0.02631413
0.02091081	-0.02750089
0.02346520	-0.02864066
0.02622275	-0.02974952
0.02915894	-0.03083522
0.03226761	-0.03189737
0.03556232	-0.03292652
0.03908355	-0.03390030
0.04291107	-0.03477740
0.04706281	-0.03554832
0.05147694	-0.03624460
0.05611611	-0.03688684
0.06096634	-0.03748574
0.06603640	-0.03804337
0.07136329	-0.03855227
0.07702663	-0.03899156
0.08307916	-0.03934639
0.08944408	-0.03963651
0.09606563	-0.03987422
0.10292021	-0.04006094
0.11001289	-0.04018727
0.11738228	-0.04022986
0.12511548	-0.04014408
0.13325190	-0.03991034
0.14170526	-0.03957185
0.15041688	-0.03916153
0.15935926	-0.03870108
0.16853157	-0.03820488
0.17796239	-0.03768198
0.18772133	-0.03713676
0.19786699	-0.03657108
0.20831754	-0.03598928
0.21900519	-0.03539416
0.22989569	-0.03478654
0.24098134	-0.03416551
0.25228171	-0.03352806
0.26385274	-0.03286814
0.27573924	-0.03218053
0.28786838	-0.03146945
0.30017982	-0.03073699
0.31263989	-0.02998144
0.32523496	-0.02919719
0.33797026	-0.02837365
0.35087402	-0.02749258
0.36398381	-0.02653436
0.37725326	-0.02552160
0.39062971	-0.02448408
0.40408171	-0.02344680
0.41759218	-0.02243492
0.43115605	-0.02147849
0.44478148	-0.02061885
0.45848098	-0.01989669
0.47222493	-0.01927932
0.48598186	-0.01872910
0.49972980	-0.01822310
0.51345217	-0.01774716
0.52713559	-0.01729307
0.54076842	-0.01685726
0.55434052	-0.01643867
0.56784369	-0.01603259
0.58126843	-0.01563522
0.59460275	-0.01524432
0.60783136	-0.01485856
0.62093379	-0.01447725
0.63388100	-0.01410018
0.64664916	-0.01372738
0.65925351	-0.01335872
0.67170296	-0.01299429
0.68399467	-0.01263444
0.69611599	-0.01227979
0.70804368	-0.01193131
0.71974005	-0.01159045
0.73116800	-0.01125856
0.74235671	-0.01093420
0.75333263	-0.01061587
0.76410361	-0.01030259
0.77466391	-0.00999370
0.78499533	-0.00968867
0.79506521	-0.00938701
0.80482610	-0.00908823
0.81429092	-0.00879315
0.82350649	-0.00850369
0.83249203	-0.00822198
0.84124740	-0.00795059
0.84975642	-0.00769296
0.85798508	-0.00745399
0.86589027	-0.00723880
0.87350390	-0.00704017
0.88086806	-0.00684741
0.88800092	-0.00665124
0.89490524	-0.00644225
0.90157174	-0.00620958
0.90797932	-0.00593940
0.91409438	-0.00561378
0.91992355	-0.00523700
0.92551252	-0.00483513
0.93088329	-0.00442409
0.93604158	-0.00401334
0.94098169	-0.00360872
0.94568762	-0.00321398
0.95013566	-0.00283161
0.95434269	-0.00246400
0.95834133	-0.00211409
0.96214685	-0.00178525
0.96576434	-0.00148145
0.96919237	-0.00120744
0.97242454	-0.00096910
0.97545015	-0.00077364
0.97827320	-0.00061568
0.98091564	-0.00047347
0.98338836	-0.00033060
0.98569515	-0.00017413
0.98783600	0.00000729
0.98980870	0.00022438
0.99160970	0.00048762
0.99324154	0.00079193
0.99471984	0.00110178
0.99605368	0.00139589
0.99724726	0.00166380
0.99830252	0.00190016
0.99922012	0.00210248
1.00000000	0.00227005
