1.00000000	0.01192040
0.99921523	0.01209889
0.99829198	0.01230881
0.99723047	0.01255011
0.99603027	0.01282292
0.99468991	0.01312763
0.99320615	0.01346509
0.99157236	0.01383702
0.98977473	0.01424700
0.98780084	0.01469824
0.98565398	0.01518991
0.98333779	0.01572107
0.98085381	0.01629130
0.97820029	0.01690100
0.97536972	0.01755200
0.97234345	0.01824888
0.96910582	0.01899515
0.96566807	0.01978677
0.96203903	0.02061937
0.95822128	0.02148869
0.95420963	0.02238980
0.94998660	0.02331607
0.94551624	0.02425782
0.94079283	0.02521270
0.93583887	0.02618488
0.93066788	0.02717716
0.92528436	0.02819122
0.91968256	0.02922767
0.91384206	0.03028601
0.90771957	0.03136418
0.90130008	0.03246156
0.89461746	0.03358040
0.88769447	0.03472273
0.88054192	0.03589053
0.87315872	0.03708616
0.86552902	0.03831285
0.85761444	0.03957565
0.84937416	0.04087934
0.84084530	0.04222007
0.83206446	0.04359375
0.82305091	0.04499784
0.81380902	0.04643100
0.80432656	0.04789308
0.79456746	0.04938555
0.78449282	0.05090955
0.77414470	0.05245893
0.76356339	0.05402568
0.75277038	0.05560038
0.74177194	0.05717041
0.73055784	0.05871710
0.71909494	0.06021075
0.70736775	0.06163566
0.69542030	0.06301553
0.68328559	0.06436851
0.67098334	0.06570588
0.65852291	0.06703422
0.64590322	0.06835643
0.63310964	0.06967166
0.62013554	0.07097866
0.60701236	0.07228065
0.59376624	0.07357888
0.58041604	0.07487226
0.56697606	0.07615729
0.55345750	0.07742743
0.53986911	0.07867135
0.52621886	0.07987876
0.51251764	0.08105365
0.49877759	0.08219523
0.48501259	0.08329486
0.47123966	0.08433510
0.45748125	0.08528629
0.44376928	0.08609922
0.43013361	0.08672825
0.41656151	0.08721193
0.40304442	0.08758212
0.38958690	0.08784714
0.37620531	0.08799539
0.36292983	0.08799320
0.34981066	0.08777619
0.33690208	0.08727453
0.32417110	0.08655426
0.31158464	0.08568663
0.29913500	0.08471069
0.28683480	0.08364372
0.27471784	0.08248489
0.26284620	0.08121377
0.25129259	0.07980094
0.24000944	0.07827895
0.22894202	0.07668420
0.21807068	0.07503535
0.20740209	0.07333876
0.19696824	0.07159014
0.18683251	0.06977328
0.17708126	0.06786377
0.16766967	0.06588543
0.15852178	0.06387668
0.14960526	0.06186481
0.14091885	0.05987208
0.13248890	0.05791976
0.12437367	0.05603198
0.11666049	0.05423620
0.10931281	0.05252432
0.10224398	0.05087253
0.09541417	0.04926694
0.08881604	0.04769971
0.08246932	0.04616690
0.07642313	0.04466762
0.07075620	0.04320340
0.06544219	0.04177223
0.06039320	0.04036977
0.05556640	0.03899341
0.05094994	0.03764157
0.04655609	0.03631316
0.04242153	0.03500729
0.03860902	0.03372309
0.03510393	0.03246107
0.03182593	0.03122290
0.02873400	0.03000983
0.02581432	0.02882288
0.02307300	0.02766291
0.02053467	0.02653078
0.01824362	0.02542728
0.01619140	0.02435147
0.01431288	0.02329999
0.01257349	0.02226880
0.01096005	0.02125289
0.00947383	0.02024582
0.00812827	0.01923893
0.00694924	0.01822032
0.00593529	0.01718702
0.00503873	0.01614918
0.00423282	0.01510733
0.00350664	0.01405415
0.00285893	0.01297610
0.00229550	0.01185331
0.00182848	0.01065845
0.00145505	0.00939825
0.00114411	0.00814194
0.00087893	0.00693544
0.00065309	0.00580776
0.00046563	0.00478025
0.00031906	0.00387097
0.00021595	0.00309227
0.00014394	0.00242202
0.00009133	0.00183807
0.00005279	0.00133089
0.00002578	0.00089618
0.00000881	0.00053139
0.00000069	0.00023390
0.00000000	0.00000000
0.00000601	-0.00021407
0.00002024	-0.00044677
0.00004398	-0.00069783
0.00007844	-0.00097132
0.00012535	-0.00127724
0.00018822	-0.00163532
0.00027486	-0.00208441
0.00040067	-0.00269353
0.00057056	-0.00348060
0.00078140	-0.00442286
0.00103185	-0.00549663
0.00132348	-0.00667620
0.00166281	-0.00793092
0.00206568	-0.00921929
0.00256112	-0.01048489
0.00315239	-0.01171900
0.00382768	-0.01294095
0.00458136	-0.01416471
0.00541479	-0.01539967
0.00633887	-0.01665061
0.00738014	-0.01791659
0.00858608	-0.01918937
0.00995870	-0.02046921
0.01147217	-0.02176156
0.01311310	-0.02306768
0.01488029	-0.02438426
0.01678701	-0.02570211
0.01886805	-0.02700272
0.02118850	-0.02825419
0.02375585	-0.02945151
0.02652680	-0.03061305
0.02947695	-0.03174846
0.03259953	-0.03285914
0.03590651	-0.03393759
0.03943507	-0.03496418
0.04326098	-0.03590063
0.04741529	-0.03672946
0.05183471	-0.03747711
0.05647907	-0.03815713
0.06133376	-0.03876821
0.06640883	-0.03929303
0.07174543	-0.03969237
0.07743035	-0.03989335
0.08349350	-0.03987309
0.08985721	-0.03970090
0.09647239	-0.03942987
0.10331915	-0.03909869
0.11040451	-0.03873833
0.11776751	-0.03837693
0.12549380	-0.03804439
0.13362621	-0.03775523
0.14207834	-0.03749321
0.15079008	-0.03724313
0.15973298	-0.03699161
0.16890553	-0.03672461
0.17833573	-0.03642483
0.18809264	-0.03606776
0.19823545	-0.03563319
0.20868317	-0.03513490
0.21936797	-0.03458205
0.23025531	-0.03397333
0.24133681	-0.03329705
0.25263086	-0.03252842
0.26419128	-0.03162241
0.27606556	-0.03054284
0.28818216	-0.02934131
0.30047995	-0.02806779
0.31292560	-0.02675951
0.32550669	-0.02544849
0.33823083	-0.02416729
0.35113064	-0.02295544
0.36423891	-0.02184559
0.37750229	-0.02081232
0.39087105	-0.01982989
0.40431503	-0.01888281
0.41781759	-0.01796222
0.43137347	-0.01706414
0.44498991	-0.01618917
0.45868005	-0.01534071
0.47241649	-0.01451421
0.48616733	-0.01370534
0.49991016	-0.01291323
0.51362798	-0.01213983
0.52730695	-0.01139014
0.54093491	-0.01067331
0.55450085	-0.01000089
0.56799683	-0.00936555
0.58141427	-0.00875671
0.59474206	-0.00816917
0.60796585	-0.00760143
0.62106654	-0.00705519
0.63401738	-0.00653576
0.64678784	-0.00605031
0.65938708	-0.00559213
0.67182830	-0.00515238
0.68411152	-0.00472571
0.69622647	-0.00430882
0.70815239	-0.00389971
0.71985492	-0.00349726
0.73129049	-0.00310095
0.74247779	-0.00270967
0.75344846	-0.00232200
0.76421319	-0.00193638
0.77476781	-0.00155090
0.78509489	-0.00116299
0.79516181	-0.00076900
0.80492021	-0.00036400
0.81438231	0.00004991
0.82359519	0.00046627
0.83257807	0.00088102
0.84133070	0.00129154
0.84983654	0.00169593
0.85806091	0.00209269
0.86596203	0.00248066
0.87357611	0.00285983
0.88094430	0.00323037
0.88808252	0.00359218
0.89499027	0.00394500
0.90165345	0.00428836
0.90804326	0.00462160
0.91413045	0.00494413
0.91995218	0.00525706
0.92554327	0.00556168
0.93091855	0.00585910
0.93608052	0.00615046
0.94102238	0.00643703
0.94572876	0.00672045
0.95017732	0.00700269
0.95438263	0.00728280
0.95837825	0.00755846
0.96218029	0.00782886
0.96579447	0.00809416
0.96921988	0.00835523
0.97245069	0.00861355
0.97547668	0.00887131
0.97829850	0.00912867
0.98093837	0.00938213
0.98340824	0.00963054
0.98571232	0.00987450
0.98785074	0.01011556
0.98982126	0.01035594
0.99162021	0.01059830
0.99325005	0.01084076
0.99472650	0.01107226
0.99605865	0.01128617
0.99725072	0.01147922
0.99830463	0.01164972
0.99922108	0.01179686
1.00000000	0.01192040
