1.00000000	0.00317936
0.99923622	0.00346238
0.99833072	0.00379923
0.99728135	0.00419128
0.99608592	0.00463983
0.99474184	0.00514629
0.99324629	0.00571205
0.99159620	0.00633847
0.98978825	0.00702673
0.98781889	0.00777785
0.98568438	0.00859249
0.98338077	0.00947090
0.98090395	0.01041267
0.97824965	0.01141656
0.97541346	0.01248012
0.97239084	0.01359928
0.96917715	0.01476768
0.96576765	0.01597580
0.96215757	0.01720976
0.95834218	0.01845174
0.95431676	0.01969505
0.95007660	0.02094042
0.94561695	0.02218858
0.94093316	0.02344018
0.93602065	0.02469585
0.93087499	0.02595618
0.92549189	0.02722175
0.91986732	0.02849309
0.91399744	0.02977071
0.90787866	0.03105507
0.90150770	0.03234660
0.89488154	0.03364565
0.88799751	0.03495255
0.88085328	0.03626753
0.87344690	0.03759076
0.86577683	0.03892231
0.85784195	0.04026214
0.84964160	0.04161010
0.84117560	0.04296586
0.83244426	0.04432894
0.82344843	0.04569863
0.81418948	0.04707401
0.80466933	0.04845384
0.79489049	0.04983659
0.78485602	0.05122035
0.77456959	0.05260274
0.76403545	0.05398095
0.75325845	0.05535156
0.74224409	0.05671054
0.73099843	0.05805315
0.71952820	0.05937386
0.70784072	0.06066630
0.69594395	0.06192332
0.68384642	0.06314364
0.67155720	0.06433369
0.65908593	0.06549905
0.64644276	0.06664413
0.63363841	0.06777244
0.62068408	0.06888679
0.60759147	0.06998936
0.59437271	0.07108186
0.58104040	0.07216556
0.56760749	0.07324138
0.55408731	0.07430986
0.54049354	0.07537127
0.52684009	0.07642556
0.51314117	0.07747239
0.49941118	0.07851115
0.48566468	0.07954090
0.47191636	0.08056038
0.45818101	0.08156798
0.44447341	0.08256163
0.43080840	0.08353829
0.41720071	0.08449098
0.40366504	0.08540724
0.39021594	0.08626836
0.37686781	0.08704717
0.36363486	0.08770374
0.35053110	0.08817666
0.33757032	0.08837412
0.32476570	0.08828271
0.31212981	0.08796311
0.29967481	0.08746291
0.28741242	0.08681694
0.27535387	0.08604963
0.26350991	0.08517659
0.25189077	0.08420575
0.24050612	0.08313777
0.22936507	0.08196581
0.21847614	0.08067444
0.20784721	0.07923698
0.19748548	0.07761284
0.18739728	0.07583469
0.17758805	0.07398675
0.16806286	0.07206591
0.15882631	0.06999234
0.14988196	0.06779730
0.14123245	0.06556320
0.13287979	0.06334342
0.12482539	0.06117358
0.11707008	0.05907936
0.10961397	0.05708254
0.10245655	0.05518639
0.09559678	0.05335571
0.08903302	0.05154211
0.08276320	0.04966218
0.07678439	0.04771039
0.07109280	0.04575878
0.06568415	0.04385080
0.06055379	0.04201012
0.05569671	0.04024801
0.05110734	0.03856697
0.04677973	0.03695838
0.04270766	0.03537882
0.03888460	0.03377781
0.03530333	0.03219607
0.03195635	0.03065613
0.02883607	0.02915320
0.02593477	0.02765499
0.02324424	0.02618977
0.02075595	0.02483909
0.01846154	0.02360291
0.01635254	0.02243997
0.01442048	0.02130291
0.01265702	0.02011757
0.01105353	0.01886648
0.00960095	0.01765976
0.00829064	0.01650554
0.00711396	0.01542375
0.00606236	0.01442410
0.00512757	0.01348734
0.00430141	0.01259359
0.00357592	0.01170940
0.00294300	0.01088851
0.00239498	0.01013909
0.00192447	0.00944136
0.00152442	0.00873879
0.00118833	0.00790167
0.00090911	0.00706638
0.00067982	0.00638323
0.00049414	0.00593519
0.00034620	0.00580361
0.00023107	0.00583492
0.00014548	0.00545081
0.00008677	0.00402984
0.00004854	0.00223456
0.00002324	0.00122070
0.00000839	0.00063003
0.00000145	0.00025399
0.00000000	0.00000000
0.00000301	-0.00022870
0.00001210	-0.00049869
0.00002994	-0.00081445
0.00005970	-0.00117821
0.00010490	-0.00159299
0.00016945	-0.00205694
0.00025773	-0.00255676
0.00037440	-0.00306681
0.00052455	-0.00359967
0.00071363	-0.00418865
0.00094728	-0.00485000
0.00123150	-0.00559020
0.00157269	-0.00640439
0.00197761	-0.00727011
0.00245311	-0.00814306
0.00300633	-0.00903002
0.00364483	-0.00997074
0.00437615	-0.01091246
0.00520825	-0.01186935
0.00614917	-0.01286328
0.00720709	-0.01387207
0.00839022	-0.01481765
0.00970704	-0.01570737
0.01116635	-0.01662104
0.01277684	-0.01755548
0.01454722	-0.01852019
0.01648602	-0.01950896
0.01860177	-0.02049110
0.02090297	-0.02140012
0.02339783	-0.02211788
0.02609465	-0.02262722
0.02900207	-0.02305474
0.03212840	-0.02347251
0.03548172	-0.02392935
0.03906970	-0.02443102
0.04289960	-0.02495643
0.04697831	-0.02547614
0.05131245	-0.02594210
0.05590820	-0.02627220
0.06077130	-0.02640726
0.06590756	-0.02644036
0.07132223	-0.02643230
0.07702001	-0.02641404
0.08300507	-0.02639562
0.08928093	-0.02637705
0.09585049	-0.02635821
0.10271603	-0.02633908
0.10987932	-0.02631970
0.11734159	-0.02630019
0.12510340	-0.02628080
0.13316459	-0.02626186
0.14152425	-0.02624036
0.15018080	-0.02620492
0.15913193	-0.02613377
0.16837459	-0.02598280
0.17790503	-0.02571181
0.18771902	-0.02534984
0.19781155	-0.02492192
0.20817692	-0.02444329
0.21880872	-0.02392319
0.22969989	-0.02336644
0.24084268	-0.02277365
0.25222864	-0.02214290
0.26384874	-0.02148092
0.27569332	-0.02079522
0.28775213	-0.02009093
0.30001436	-0.01937207
0.31246868	-0.01864224
0.32510328	-0.01790521
0.33790586	-0.01716465
0.35086366	-0.01642272
0.36396357	-0.01568167
0.37719209	-0.01494416
0.39053543	-0.01421335
0.40397952	-0.01349284
0.41751004	-0.01278672
0.43111252	-0.01209966
0.44477233	-0.01143687
0.45847475	-0.01080425
0.47220500	-0.01020842
0.48594831	-0.00965682
0.49968994	-0.00915785
0.51341523	-0.00872099
0.52710966	-0.00835698
0.54075886	-0.00807804
0.55434869	-0.00789817
0.56786525	-0.00783345
0.58129496	-0.00790250
0.59462454	-0.00812515
0.60784093	-0.00847554
0.62093137	-0.00889276
0.63388356	-0.00933263
0.64668568	-0.00975904
0.65932641	-0.01013592
0.67179488	-0.01041880
0.68408074	-0.01055614
0.69617436	-0.01055384
0.70806674	-0.01043943
0.71974947	-0.01023602
0.73121469	-0.00996304
0.74245516	-0.00963682
0.75346423	-0.00927114
0.76423587	-0.00887766
0.77476462	-0.00846628
0.78504565	-0.00804547
0.79507472	-0.00762249
0.80484817	-0.00720367
0.81436294	-0.00679455
0.82361654	-0.00640007
0.83260702	-0.00602470
0.84133303	-0.00567264
0.84979372	-0.00534789
0.85798881	-0.00505452
0.86591851	-0.00479677
0.87358348	-0.00457755
0.88098481	-0.00438971
0.88812401	-0.00422371
0.89500303	-0.00407176
0.90162420	-0.00392739
0.90799024	-0.00378509
0.91410414	-0.00364005
0.91996923	-0.00348796
0.92558908	-0.00332477
0.93096750	-0.00314653
0.93610851	-0.00294922
0.94101635	-0.00272853
0.94569540	-0.00247961
0.95015020	-0.00219674
0.95438539	-0.00187865
0.95840573	-0.00153971
0.96221604	-0.00119304
0.96582114	-0.00084789
0.96922586	-0.00051071
0.97243499	-0.00018600
0.97545324	0.00012313
0.97828525	0.00041457
0.98093558	0.00068692
0.98340863	0.00093932
0.98570870	0.00117131
0.98783991	0.00138271
0.98980620	0.00157359
0.99161134	0.00174424
0.99325886	0.00190004
0.99475200	0.00206050
0.99609376	0.00225255
0.99728689	0.00250185
0.99833409	0.00276023
0.99923778	0.00299030
1.00000000	0.00317936
